<?xml version="1.0" encoding="utf-8"?>
<COLLADA xmlns="http://www.collada.org/2005/11/COLLADASchema" version="1.4.1" xmlns:xsi="http://www.w3.org/2001/XMLSchema-instance">
  <asset>
    <contributor>
      <author>Blender User</author>
      <authoring_tool>Blender 3.5.1 commit date:2023-04-24, commit time:18:11, hash:e1ccd9d4a1d3</authoring_tool>
    </contributor>
    <created>2023-07-06T15:59:49</created>
    <modified>2023-07-06T15:59:49</modified>
    <unit name="meter" meter="1"/>
    <up_axis>Z_UP</up_axis>
  </asset>
  <library_effects>
    <effect id="Material_005-effect">
      <profile_COMMON>
        <technique sid="common">
          <lambert>
            <emission>
              <color sid="emission">0 0 0 1</color>
            </emission>
            <diffuse>
              <color sid="diffuse">0.8 0.8 0.8 1</color>
            </diffuse>
            <reflectivity>
              <float sid="specular">0.5</float>
            </reflectivity>
            <index_of_refraction>
              <float sid="ior">1.45</float>
            </index_of_refraction>
          </lambert>
        </technique>
      </profile_COMMON>
    </effect>
  </library_effects>
  <library_images/>
  <library_materials>
    <material id="Material_005-material" name="Material.005">
      <instance_effect url="#Material_005-effect"/>
    </material>
  </library_materials>
  <library_geometries>
    <geometry id="Cylinder_005-mesh" name="Cylinder.005">
      <mesh>
        <source id="Cylinder_005-mesh-positions">
          <float_array id="Cylinder_005-mesh-positions-array" count="519">0 1 1 0.1950903 0.9807853 1 0.3826835 0.9238795 1 0.5555703 0.8314696 1 0.7071068 0.7071068 1 0.8314696 0.5555703 1 0.9238795 0.3826834 1 0.9807853 0.1950903 1 1 0 1 0.9807853 -0.1950903 1 0.9238796 -0.3826834 1 0.8314697 -0.5555702 1 0.7071068 -0.7071068 1 0.5555702 -0.8314697 1 0.3826835 -0.9238795 1 0.1950903 -0.9807853 1 0 -1 1 -0.1950902 -0.9807853 1 -0.3826834 -0.9238795 1 -0.5555722 -0.831471 1 -0.7071067 -0.7071068 1 -0.8314695 -0.5555704 1 -0.9238795 -0.3826836 1 -0.9807853 -0.1950904 1 -1 0 1 -0.9807853 0.1950904 1 -0.9238795 0.3826836 1 -0.8314697 0.5555701 1 -0.7071069 0.7071067 1 -0.5555703 0.8314696 1 -0.3826834 0.9238796 1 -0.1950902 0.9807853 1 2.06286 10.37069 44.92292 1.77059e-6 10.57386 44.92292 4.046442 9.768974 44.92292 5.874523 8.791844 44.92292 7.47685 7.476848 44.92292 8.791846 5.874521 44.92292 9.768976 4.046441 44.92292 10.37069 2.062857 44.92292 10.57386 -1.03284e-6 44.92292 10.37069 -2.062858 44.92292 9.768976 -4.046442 44.92292 8.791847 -5.874522 44.92292 7.47685 -7.476849 44.92292 5.874523 -8.791846 44.92292 4.046443 -9.768975 44.92292 2.06286 -10.37069 44.92292 8.46194e-7 -10.57386 44.92292 -2.062855 -10.37069 44.92292 -4.04644 -9.768975 44.92292 -5.874521 -8.791845 44.92292 -7.476846 -7.47685 44.92292 -8.791841 -5.874525 44.92292 -9.768973 -4.046443 44.92292 -10.37068 -2.062859 44.92292 -10.57386 -4.44554e-7 44.92292 -10.37068 2.062858 44.92292 -9.768972 4.046442 44.92292 -8.791845 5.874519 44.92292 -7.476848 7.476847 44.92292 -5.874521 8.791844 44.92292 -4.04644 9.768974 44.92292 -2.062855 10.37069 44.92292 0.9988164 1.494834 4.660243 1.442062 2.158199 8.320487 1.885308 2.821563 11.98073 2.328555 3.484928 15.64097 2.771801 4.148292 19.30122 3.215047 4.811656 22.96146 3.658293 5.475021 26.6217 4.101539 6.138385 30.28195 4.544785 6.80175 33.94219 4.988031 7.465114 37.60243 5.431277 8.128479 41.26268 1.079734 0.652539 2.220081 1.327998 0.7495076 3.440162 1.576262 0.8464763 4.660243 1.824526 0.9434449 5.880324 2.07279 1.040413 7.100406 2.321054 1.137382 8.320487 2.569318 1.234351 9.540569 2.817582 1.331319 10.76065 3.065846 1.428288 11.98073 3.31411 1.525257 13.20081 3.562374 1.622225 14.42089 3.810638 1.719194 15.64097 4.058902 1.816163 16.86106 4.307166 1.913131 18.08114 4.55543 2.0101 19.30122 4.803694 2.107069 20.5213 5.051958 2.204037 21.74138 5.300222 2.301006 22.96146 5.548486 2.397974 24.18154 5.79675 2.494943 25.40163 6.045014 2.591912 26.62171 6.293279 2.68888 27.84179 6.541543 2.785849 29.06187 6.789806 2.882818 30.28195 7.038071 2.979786 31.50203 7.286334 3.076755 32.72211 7.534598 3.173724 33.94219 7.782863 3.270692 35.16227 8.031127 3.367661 36.38235 8.279392 3.46463 37.60243 8.527656 3.561598 38.82252 8.77592 3.658567 40.0426 9.024184 3.755536 41.26268 9.272448 3.852504 42.48276 9.520712 3.949472 43.70284 -0.9627026 -1.222369 3.583699 -1.369839 -1.613279 6.167404 -1.776976 -2.00419 8.751104 -2.184112 -2.395087 11.33481 -2.591235 -2.785997 13.91851 -2.998378 -3.176907 16.50221 -3.405508 -3.567804 19.08591 -3.812644 -3.958714 21.66961 -4.219779 -4.349612 24.25331 -4.62691 -4.74052 26.83702 -5.034041 -5.131428 29.42071 -5.441176 -5.522328 32.00441 -5.848311 -5.913235 34.58811 -6.255445 -6.304137 37.17182 -6.662578 -6.695042 39.75551 -7.069712 -7.085947 42.33922 1.063409 1.063409 3.311733 1.419711 1.419711 5.623466 1.776014 1.776013 7.935198 2.132316 2.132315 10.24693 2.488618 2.488618 12.55866 2.84492 2.84492 14.8704 3.201223 3.201222 17.18213 3.557525 3.557524 19.49386 3.913827 3.913827 21.8056 4.27013 4.270129 24.11733 4.626432 4.626431 26.42906 4.982734 4.982733 28.7408 5.339036 5.339035 31.05253 5.695339 5.695338 33.36426 6.051641 6.05164 35.67599 6.407943 6.407942 37.98772 6.764245 6.764244 40.29946 7.120548 7.120546 42.61119 -0.7609156 1.357205 3.583701 -0.9662609 1.882941 6.167402 -1.171606 2.408676 8.751104 -1.376951 2.934412 11.3348 -1.582297 3.460147 13.91851 -1.787642 3.985883 16.50221 -1.992987 4.511618 19.08591 -2.198333 5.037353 21.66961 -2.403678 5.563089 24.25331 -2.609023 6.088824 26.83701 -2.814368 6.61456 29.42072 -3.019714 7.140295 32.00442 -3.225059 7.666031 34.58812 -3.430404 8.191767 37.17182 -3.63575 8.717503 39.75552 -3.841095 9.243239 42.33922 1.400068 0.9354954 4.137351 1.968666 1.31542 7.274703 2.537264 1.695345 10.41205 3.105863 2.07527 13.5494 3.674461 2.455195 16.68676 4.243059 2.83512 19.82411 4.811657 3.215045 22.96146 5.380256 3.59497 26.09881 5.948854 3.974895 29.23616 6.517452 4.354821 32.37351 7.08605 4.734746 35.51087 7.654649 5.114671 38.64822 8.223248 5.494596 41.78557</float_array>
          <technique_common>
            <accessor source="#Cylinder_005-mesh-positions-array" count="173" stride="3">
              <param name="X" type="float"/>
              <param name="Y" type="float"/>
              <param name="Z" type="float"/>
            </accessor>
          </technique_common>
        </source>
        <source id="Cylinder_005-mesh-normals">
          <float_array id="Cylinder_005-mesh-normals-array" count="813">0.2836881 0.9351908 -0.2119889 0.8618774 -0.4606816 -0.2119904 -0.6201965 -0.755258 -0.2119945 -0.6199733 0.7554425 -0.2119904 0.9351904 0.2836885 -0.2119896 0.09579247 -0.9725658 -0.2119897 -0.9725662 0.09578901 -0.2119895 0.4606815 0.8618776 -0.2119897 0.7554411 -0.6199756 -0.2119887 -0.7554405 -0.6199759 -0.21199 -0.460676 0.8618795 -0.2119939 0.9725661 0.09578907 -0.2119898 -0.09579247 -0.9725659 -0.2119895 -0.9351915 0.2836849 -0.2119899 0.6199717 0.7554435 -0.2119913 0.6199755 -0.755441 -0.2119891 -0.8618761 -0.4606844 -0.2119897 -0.2836885 0.9351904 -0.2119898 0.9725664 -0.09578567 -0.2119902 -0.2836886 -0.9351906 -0.2119892 -0.8618757 0.4606851 -0.2119896 0.7554484 0.6199661 -0.21199 0.4606851 -0.8618757 -0.2119896 -0.9351906 -0.2836883 -0.2119895 0.09579247 0.9725658 -0.2119897 -0.09579253 0.9725658 -0.2119897 0.9351904 -0.2836885 -0.2119896 -0.4606748 -0.8618814 -0.2119889 -0.7554411 0.6199749 -0.2119905 0.8619058 0.4606308 -0.2119849 0.2836885 -0.9351904 -0.2119898 -0.9725661 -0.09578901 -0.2119898 0.2836883 0.9351905 -0.2119898 0.8618769 -0.4606827 -0.2119898 -0.6199305 -0.7554772 -0.2119917 -0.6199748 0.7554413 -0.2119897 0.9351909 0.2836873 -0.2119898 0.09578788 -0.9725663 -0.2119898 -0.9725659 0.09579223 -0.2119898 0.460683 0.8618769 -0.2119899 0.7554414 -0.6199747 -0.2119898 -0.7554417 -0.6199744 -0.2119898 -0.4606848 0.861876 -0.2119892 0.9725663 0.0957877 -0.2119898 -0.095788 -0.9725662 -0.2119898 -0.9351916 0.283685 -0.2119897 0.6199742 0.7554419 -0.2119897 0.6199747 -0.7554414 -0.2119899 -0.8618767 -0.4606834 -0.2119898 -0.2836878 0.9351907 -0.2119898 0.9725663 -0.09578806 -0.2119898 -0.2836873 -0.9351909 -0.2119899 -0.861877 0.4606826 -0.2119898 0.7554419 0.6199741 -0.2119904 0.4606827 -0.8618769 -0.2119899 -0.9351918 -0.2836844 -0.2119898 0.09578794 0.9725663 -0.2119898 -0.095788 0.9725663 -0.2119898 0.9351909 -0.2836874 -0.2119898 -0.4606831 -0.8618769 -0.2119898 -0.7554417 0.6199744 -0.2119898 0.8618768 0.460683 -0.2119895 0.2836875 -0.9351907 -0.2119898 -0.9725659 -0.09579223 -0.2119897 -0.6199841 -0.7554345 -0.2119874 -0.6199358 -0.7554731 -0.211991 -0.6199256 -0.7554816 -0.2119904 -0.6200261 -0.7553989 -0.2119907 -0.6197849 -0.7555981 -0.2119864 -0.6200594 -0.7553718 -0.2119905 -0.6199984 -0.7554207 -0.2119947 -0.6199745 -0.7554403 -0.2119946 -0.6199288 -0.7554793 -0.2119891 -0.6198969 -0.7555059 -0.2119882 -0.6200985 -0.7553402 -0.2119886 -0.6199334 -0.7554749 -0.2119914 -0.6200757 -0.7553585 -0.2119901 -0.6198208 -0.7555681 -0.2119883 -0.6201576 -0.7552919 -0.211988 -0.6199505 -0.7554612 -0.2119903 0.4607139 0.8618596 -0.2119922 0.460696 0.8618695 -0.2119914 0.4606707 0.8618846 -0.2119849 0.4606623 0.861887 -0.2119933 0.4606745 0.8618814 -0.2119894 0.4606911 0.8618721 -0.2119909 0.4606729 0.8618823 -0.2119895 0.4606915 0.8618729 -0.2119871 0.4606826 0.861877 -0.2119898 0.460682 0.8618773 -0.2119902 0.460684 0.8618761 -0.2119899 -0.4606829 0.8618769 -0.2119899 -0.4606842 0.8618761 -0.2119898 -0.4606819 0.8618774 -0.2119897 -0.4606819 0.8618773 -0.2119899 -0.4605945 0.8619218 -0.2119989 -0.4607695 0.8618304 -0.2119907 -0.4607454 0.8618441 -0.211987 -0.4606699 0.8618829 -0.2119929 -0.4606641 0.8618867 -0.2119902 -0.4606876 0.8618758 -0.2119839 -0.4606791 0.8618789 -0.2119901 -0.4606734 0.8618821 -0.211989 -0.4606838 0.8618763 -0.2119901 -0.4606769 0.8618812 -0.2119851 -0.4606906 0.8618721 -0.211992 -0.4606705 0.8618839 -0.2119877 0.6199855 0.7554321 -0.2119914 0.6199917 0.7554278 -0.211989 0.619988 0.7554304 -0.2119907 0.6199512 0.75546 -0.2119924 0.6199747 0.7554414 -0.2119897 0.619975 0.7554413 -0.2119899 0.6199746 0.7554416 -0.21199 0.6199723 0.7554432 -0.2119901 0.6199715 0.7554432 -0.2119933 0.6199815 0.7554354 -0.2119911 0.6199716 0.7554433 -0.2119923 0.6199727 0.7554429 -0.2119909 0.6199808 0.7554363 -0.2119905 0.6199768 0.7554396 -0.2119902 0.6199547 0.7554592 -0.2119849 0.6199667 0.7554488 -0.2119867 0.7554466 0.619965 -0.2119998 0.7554703 0.6199414 -0.2119843 0.7554417 0.6199746 -0.2119897 0.7554435 0.6199722 -0.2119899 0.7554417 0.6199743 -0.2119901 0.7554324 0.6199869 -0.2119862 0.7554465 0.6199681 -0.2119909 0.7554423 0.6199737 -0.2119897 0.7554125 0.6200097 -0.211991 0.7554641 0.6199476 -0.2119886 0.7554257 0.6199931 -0.2119922 0.7554518 0.6199617 -0.2119911 0.7554364 0.6199805 -0.2119912 0.8618773 0.460682 -0.2119899 0.8618757 0.4606851 -0.2119898 0.8618898 0.4606556 -0.2119963 0.8618535 0.4607275 -0.2119876 0.8618695 0.4607027 -0.2119762 0.861804 0.4608258 -0.2119755 0.8618782 0.46068 -0.2119903 0.8618761 0.4606843 -0.2119898 0.8618783 0.4606805 -0.2119894 0.8618776 0.4606812 -0.2119901 0.8618803 0.4606759 -0.2119913 0.8618786 0.4606807 -0.2119879 0.8618708 0.4606941 -0.2119899 0.861871 0.4606943 -0.211989 0.8618549 0.4607283 -0.2119802 0.8618835 0.4606698 -0.2119911 0.8618752 0.4606851 -0.211991 0.8618897 0.4606575 -0.2119926 0.8618663 0.4607032 -0.2119888 0.8619111 0.4606169 -0.2119941 0.8618716 0.4606915 -0.211992 0.8618965 0.4606425 -0.2119981 0.8618789 0.4606788 -0.21199 0.8618797 0.4606792 -0.2119863 0.8618666 0.4607033 -0.211987 0.861883 0.4606726 -0.2119871 0.8618997 0.4606359 -0.2119989 0.8618749 0.460685 -0.2119928 -0.6200162 -0.7554073 -0.2119904 -0.6199752 -0.7554413 -0.2119891 -0.6199737 -0.7554423 -0.21199 -0.6199781 -0.755439 -0.2119888 -0.6199743 -0.7554419 -0.2119898 -0.6199437 -0.7554666 -0.2119905 -0.619988 -0.7554303 -0.2119905 -0.619998 -0.755423 -0.2119871 -0.6199376 -0.7554715 -0.211991 -0.6199675 -0.7554471 -0.2119907 -0.6199773 -0.7554394 -0.2119895 -0.6199741 -0.755442 -0.2119896 -0.619988 -0.7554309 -0.2119887 -0.6199714 -0.7554442 -0.2119901 -0.6199517 -0.75546 -0.2119911 -0.6200037 -0.7554181 -0.2119883 -0.4606859 0.8618754 -0.2119891 -0.4606834 0.8618766 -0.2119897 -0.4606837 0.8618764 -0.2119902 -0.4606841 0.861876 -0.2119902 -0.4606814 0.8618776 -0.2119896 -0.4606804 0.8618783 -0.2119891 -0.4606826 0.8618772 -0.2119895 -0.4606771 0.8618804 -0.2119876 -0.4606803 0.861878 -0.2119904 -0.4606859 0.8618752 -0.2119897 -0.460688 0.8618737 -0.2119914 -0.4606837 0.8618763 -0.2119907 -0.4606816 0.8618776 -0.2119896 -0.4606819 0.8618775 -0.2119893 -0.4606804 0.8618782 -0.2119898 0.6199752 0.7554413 -0.211989 0.6199769 0.7554395 -0.2119907 0.6199775 0.7554394 -0.2119891 0.6199707 0.7554447 -0.2119899 0.6199731 0.7554428 -0.2119899 0.6199739 0.7554422 -0.2119899 0.6199772 0.7554394 -0.2119897 0.6199733 0.7554427 -0.2119895 0.6199743 0.7554419 -0.21199 0.6199746 0.7554415 -0.2119902 0.619975 0.7554413 -0.2119898 0.7554409 0.6199756 -0.2119892 0.7554425 0.6199734 -0.2119901 0.7554467 0.6199681 -0.2119904 0.7554482 0.6199657 -0.2119917 0.7554383 0.6199788 -0.2119891 0.7554327 0.6199855 -0.2119892 0.7554416 0.6199744 -0.2119899 0.7554413 0.619975 -0.2119898 0.755444 0.619971 -0.2119914 0.755441 0.6199758 -0.211988 0.7554411 0.6199752 -0.2119894 0.7554404 0.6199761 -0.2119892 0.755443 0.6199727 -0.2119901 0.755442 0.6199743 -0.2119896 0.7554402 0.6199765 -0.2119894 0.7554417 0.6199743 -0.2119904 0.7554411 0.6199748 -0.2119905 0.7554407 0.6199758 -0.2119894 0.8618764 0.4606835 -0.2119901 0.8618764 0.4606836 -0.2119898 0.8618766 0.4606832 -0.2119898 0.8618758 0.4606846 -0.2119898 0.8618767 0.4606832 -0.2119899 0.8618763 0.460684 -0.2119898 0.8618764 0.4606837 -0.2119901 0.8618771 0.4606823 -0.2119899 0.8618767 0.4606829 -0.2119901 0.8618754 0.4606857 -0.2119895 0.8618769 0.4606828 -0.2119898 0.8618767 0.4606831 -0.2119898 0.8618773 0.4606821 -0.2119901 0.8618767 0.4606831 -0.2119899 0.8618773 0.4606822 -0.2119895 0.8618777 0.4606814 -0.2119898 0.8618766 0.4606833 -0.21199 0.8618771 0.4606827 -0.2119895 0.8618761 0.4606841 -0.2119898 0.8618766 0.4606834 -0.2119899 0.8618763 0.4606841 -0.2119897 0.861877 0.4606826 -0.2119898 0.8618769 0.4606829 -0.2119896 0.8618774 0.4606819 -0.2119895 0.861876 0.4606844 -0.2119903 0.8618769 0.4606831 -0.2119898 0.8618772 0.4606823 -0.2119896 0.8618767 0.4606831 -0.2119903 0.8618772 0.4606823 -0.2119897 0.8618758 0.4606843 -0.2119906 0.8618788 0.4606799 -0.2119888 0.8618764 0.4606833 -0.2119906 0.8618765 0.4606835 -0.2119901 0.8618775 0.460682 -0.2119896 0.8618778 0.4606816 -0.2119886 0.861878 0.4606813 -0.2119886 0.8618773 0.4606822 -0.2119892 0.8618752 0.4606854 -0.2119908 0.8618781 0.4606806 -0.2119898 0.8618761 0.460684 -0.2119905 0.8618762 0.4606838 -0.2119902 0.861876 0.460684 -0.2119905 0.8618774 0.4606819 -0.2119894 0.861876 0.460684 -0.2119907 0.8618768 0.4606832 -0.2119896 0.8618781 0.4606807 -0.2119893 0.8618778 0.4606815 -0.2119892</float_array>
          <technique_common>
            <accessor source="#Cylinder_005-mesh-normals-array" count="271" stride="3">
              <param name="X" type="float"/>
              <param name="Y" type="float"/>
              <param name="Z" type="float"/>
            </accessor>
          </technique_common>
        </source>
        <source id="Cylinder_005-mesh-map-0">
          <float_array id="Cylinder_005-mesh-map-0-array" count="1692">0.96875 1 0.9375 1 0.9375 1 0.6875 1 0.65625 1 0.65625 1 0.3952206 1 0.3933823 1 0.375 1 0.125 1 0.09375 1 0.09375 1 0.8125 1 0.78125 1 0.78125 1 0.53125 1 0.5 1 0.5 1 0.25 1 0.21875 1 0.21875 1 0.90625 1 0.90625 1 0.9375 1 0.65625 1 0.625 1 0.625 1 0.375 1 0.34375 1 0.34375 1 0.07720589 1 0.07536762 1 0.0625 1 0.78125 1 0.75 1 0.75 1 0.5 1 0.46875 1 0.46875 1 0.21875 1 0.1875 1 0.1875 1 0.8750001 1 0.875 1 0.90625 1 0.625 1 0.59375 1 0.59375 1 0.34375 1 0.3125 1 0.3125 1 0.0625 1 0.03125 1 0.03125 1 0.75 1 0.71875 1 0.71875 1 0.46875 1 0.4375 1 0.4375 1 0.1875 1 0.15625 1 0.15625 1 0.84375 1 0.84375 1 0.8750001 1 0.59375 1 0.5625 1 0.5625 1 0.3125 1 0.28125 1 0.28125 1 1 1 0.96875 1 0.96875 1 0.03125 1 0 1 0 1 0.71875 1 0.6875 1 0.6875 1 0.4375 1 0.40625 1 0.40625 1 0.15625 1 0.125 1 0.125 1 0.8246527 1 0.8237847 1 0.8125 1 0.5625 1 0.53125 1 0.53125 1 0.28125 1 0.25 1 0.25 1 0.96875 1 0.96875 1 0.9375 1 0.6875 1 0.6875 1 0.65625 1 0.3952206 1 0.3970588 1 0.40625 1 0.125 1 0.125 1 0.09375 1 0.8125 1 0.8125 1 0.78125 1 0.53125 1 0.53125 1 0.5 1 0.25 1 0.25 1 0.21875 1 0.9375 1 0.9375 1 0.90625 1 0.65625 1 0.65625 1 0.625 1 0.375 1 0.375 1 0.34375 1 0.08272057 1 0.08455884 1 0.09375 1 0.78125 1 0.78125 1 0.75 1 0.5 1 0.5 1 0.46875 1 0.21875 1 0.21875 1 0.1875 1 0.8750001 1 0.90625 1 0.90625 1 0.625 1 0.625 1 0.59375 1 0.34375 1 0.34375 1 0.3125 1 0.0625 1 0.0625 1 0.03125 1 0.75 1 0.75 1 0.71875 1 0.46875 1 0.46875 1 0.4375 1 0.1875 1 0.1875 1 0.15625 1 0.875 1 0.84375 1 0.875 1 0.59375 1 0.59375 1 0.5625 1 0.3125 1 0.3125 1 0.28125 1 1 1 1 1 0.96875 1 0.03125 1 0.03125 1 0 1 0.71875 1 0.71875 1 0.6875 1 0.4375 1 0.4375 1 0.40625 1 0.15625 1 0.15625 1 0.125 1 0.8229166 1 0.8237847 1 0.84375 1 0.5625 1 0.5625 1 0.53125 1 0.28125 1 0.28125 1 0.25 1 0.375 1 0.40625 1 0.4044117 1 0.4044117 1 0.4025735 1 0.375 1 0.4025735 1 0.4007353 1 0.375 1 0.3988971 1 0.3970588 1 0.375 1 0.3970588 1 0.3952206 1 0.375 1 0.4007353 1 0.3988971 1 0.375 1 0.3768383 1 0.375 1 0.375 1 0.3805148 1 0.3786765 1 0.375 1 0.3786765 1 0.3768383 1 0.375 1 0.3841912 1 0.382353 1 0.375 1 0.382353 1 0.3805148 1 0.375 1 0.3878676 1 0.3860294 1 0.375 1 0.3860294 1 0.3841912 1 0.375 1 0.3933823 1 0.3915441 1 0.375 1 0.3915441 1 0.3897059 1 0.375 1 0.3897059 1 0.3878676 1 0.375 1 0.9375 1 0.90625 1 0.90625 1 0.90625 1 0.90625 1 0.9375 1 0.90625 1 0.90625 1 0.9375 1 0.90625 1 0.90625 1 0.9375 1 0.90625 1 0.90625 1 0.9375 1 0.90625 1 0.90625 1 0.9375 1 0.90625 1 0.90625 1 0.9375 1 0.90625 1 0.90625 1 0.9375 1 0.90625 1 0.90625 1 0.9375 1 0.90625 1 0.90625 1 0.9375 1 0.90625 1 0.90625 1 0.9375 1 0.0625 1 0.09375 1 0.09191173 1 0.09007352 1 0.08823525 1 0.0625 1 0.08823525 1 0.08639705 1 0.0625 1 0.0625 1 0.09191173 1 0.09007352 1 0.0643382 1 0.0625 1 0.0625 1 0.06801468 1 0.06617647 1 0.0625 1 0.06617647 1 0.0643382 1 0.0625 1 0.07352942 1 0.07169115 1 0.0625 1 0.07169115 1 0.06985294 1 0.0625 1 0.06985294 1 0.06801468 1 0.0625 1 0.08455884 1 0.08272057 1 0.0625 1 0.08272057 1 0.08088237 1 0.0625 1 0.0625 1 0.08639705 1 0.08455884 1 0.07536762 1 0.07352942 1 0.0625 1 0.08088237 1 0.0790441 1 0.0625 1 0.0790441 1 0.07720589 1 0.0625 1 0.90625 1 0.8750001 1 0.875 1 0.875 1 0.875 1 0.90625 1 0.875 1 0.875 1 0.90625 1 0.90625 1 0.875 1 0.875 1 0.8750001 1 0.8750001 1 0.90625 1 0.875 1 0.875 1 0.90625 1 0.875 1 0.8750001 1 0.90625 1 0.875 1 0.875 1 0.90625 1 0.875 1 0.875 1 0.90625 1 0.875 1 0.875 1 0.90625 1 0.90625 1 0.875 1 0.875 1 0.875 1 0.875 1 0.90625 1 0.875 1 0.875 1 0.90625 1 0.875 1 0.875 1 0.90625 1 0.875 1 0.875 1 0.90625 1 0.875 1 0.875 1 0.90625 1 0.90625 1 0.875 1 0.875 1 0.875 1 0.8750001 1 0.90625 1 0.8750001 1 0.84375 1 0.84375 1 0.8750001 1 0.84375 1 0.84375 1 0.84375 1 0.84375 1 0.8750001 1 0.84375 1 0.84375 1 0.8750001 1 0.84375 1 0.84375 1 0.8750001 1 0.84375 1 0.84375 1 0.8750001 1 0.84375 1 0.84375 1 0.8750001 1 0.84375 1 0.84375 1 0.8750001 1 0.8750001 1 0.84375 1 0.84375 1 0.84375 1 0.84375 1 0.8750001 1 0.84375 1 0.84375 1 0.8750001 1 0.84375 1 0.84375 1 0.8750001 1 0.84375 1 0.84375 1 0.8750001 1 0.8125 1 0.84375 1 0.8428819 1 0.8125 1 0.8428819 1 0.8420138 1 0.813368 1 0.8125 1 0.8125 1 0.8151041 1 0.8142361 1 0.8125 1 0.8142361 1 0.813368 1 0.8125 1 0.8177083 1 0.8168402 1 0.8125 1 0.8168402 1 0.8159722 1 0.8125 1 0.8159722 1 0.8151041 1 0.8125 1 0.8125 1 0.8420138 1 0.8411458 1 0.8411458 1 0.8402777 1 0.8125 1 0.8402777 1 0.8394096 1 0.8125 1 0.8394096 1 0.8385416 1 0.8125 1 0.8385416 1 0.8376735 1 0.8125 1 0.8368054 1 0.8359374 1 0.8125 1 0.8359374 1 0.8350694 1 0.8125 1 0.8376735 1 0.8368054 1 0.8125 1 0.8185763 1 0.8177083 1 0.8125 1 0.8203124 1 0.8194444 1 0.8125 1 0.8194444 1 0.8185763 1 0.8125 1 0.8211805 1 0.8203124 1 0.8125 1 0.8350694 1 0.8342013 1 0.8125 1 0.8333333 1 0.8324652 1 0.8125 1 0.8324652 1 0.8315972 1 0.8125 1 0.8342013 1 0.8333333 1 0.8125 1 0.8237847 1 0.8229166 1 0.8125 1 0.8229166 1 0.8220486 1 0.8125 1 0.8220486 1 0.8211805 1 0.8125 1 0.8315972 1 0.8307291 1 0.8125 1 0.8307291 1 0.8298611 1 0.8125 1 0.8298611 1 0.828993 1 0.8125 1 0.828125 1 0.8272569 1 0.8125 1 0.8272569 1 0.8263888 1 0.8125 1 0.828993 1 0.828125 1 0.8125 1 0.8263888 1 0.8255208 1 0.8125 1 0.8255208 1 0.8246527 1 0.8125 1 0.4044117 1 0.40625 1 0.40625 1 0.40625 1 0.375 1 0.3768383 1 0.3786765 1 0.3805148 1 0.40625 1 0.3805148 1 0.382353 1 0.40625 1 0.40625 1 0.3768383 1 0.3786765 1 0.4025735 1 0.4044117 1 0.40625 1 0.3970588 1 0.3988971 1 0.40625 1 0.3988971 1 0.4007353 1 0.40625 1 0.4007353 1 0.4025735 1 0.40625 1 0.382353 1 0.3841912 1 0.40625 1 0.3841912 1 0.3860294 1 0.40625 1 0.3878676 1 0.3897059 1 0.40625 1 0.3897059 1 0.3915441 1 0.40625 1 0.3860294 1 0.3878676 1 0.40625 1 0.3915441 1 0.3933823 1 0.40625 1 0.3933823 1 0.3952206 1 0.40625 1 0.09191173 1 0.09375 1 0.09375 1 0.09375 1 0.0625 1 0.0643382 1 0.0643382 1 0.06617647 1 0.09375 1 0.06617647 1 0.06801468 1 0.09375 1 0.06985294 1 0.07169115 1 0.09375 1 0.07169115 1 0.07352942 1 0.09375 1 0.06801468 1 0.06985294 1 0.09375 1 0.09007352 1 0.09191173 1 0.09375 1 0.08455884 1 0.08639705 1 0.09375 1 0.08639705 1 0.08823525 1 0.09375 1 0.08823525 1 0.09007352 1 0.09375 1 0.07352942 1 0.07536762 1 0.09375 1 0.07720589 1 0.0790441 1 0.09375 1 0.0790441 1 0.08088237 1 0.09375 1 0.09375 1 0.07536762 1 0.07720589 1 0.08088237 1 0.08272057 1 0.09375 1 0.8750001 1 0.90625 1 0.90625 1 0.90625 1 0.90625 1 0.8750001 1 0.90625 1 0.90625 1 0.8750001 1 0.90625 1 0.90625 1 0.8750001 1 0.90625 1 0.90625 1 0.8750001 1 0.90625 1 0.90625 1 0.8750001 1 0.90625 1 0.90625 1 0.8750001 1 0.90625 1 0.90625 1 0.8750001 1 0.90625 1 0.90625 1 0.8750001 1 0.90625 1 0.90625 1 0.8750001 1 0.90625 1 0.90625 1 0.8750001 1 0.84375 1 0.8750001 1 0.8750001 1 0.8750001 1 0.875 1 0.84375 1 0.875 1 0.875 1 0.84375 1 0.875 1 0.875 1 0.84375 1 0.875 1 0.875 1 0.84375 1 0.875 1 0.875 1 0.84375 1 0.875 1 0.8750001 1 0.84375 1 0.875 1 0.875 1 0.84375 1 0.875 1 0.875 1 0.84375 1 0.875 1 0.8750001 1 0.84375 1 0.875 1 0.875 1 0.84375 1 0.875 1 0.875 1 0.84375 1 0.875 1 0.875 1 0.84375 1 0.875 1 0.875 1 0.84375 1 0.875 1 0.875 1 0.84375 1 0.875 1 0.875 1 0.84375 1 0.8750001 1 0.875 1 0.84375 1 0.875 1 0.875 1 0.84375 1 0.8428819 1 0.84375 1 0.84375 1 0.84375 1 0.84375 1 0.8385416 1 0.84375 1 0.84375 1 0.8359374 1 0.8385416 1 0.84375 1 0.8376735 1 0.8428819 1 0.84375 1 0.8420138 1 0.84375 1 0.84375 1 0.8402777 1 0.8411458 1 0.8420138 1 0.84375 1 0.8385416 1 0.8394096 1 0.84375 1 0.8394096 1 0.8402777 1 0.84375 1 0.8402777 1 0.8411458 1 0.84375 1 0.84375 1 0.84375 1 0.8333333 1 0.84375 1 0.84375 1 0.8315972 1 0.84375 1 0.8333333 1 0.8342013 1 0.84375 1 0.84375 1 0.828993 1 0.84375 1 0.84375 1 0.8272569 1 0.828125 1 0.84375 1 0.8272569 1 0.84375 1 0.84375 1 0.8229166 1 0.84375 1 0.84375 1 0.8203124 1 0.84375 1 0.828125 1 0.828993 1 0.84375 1 0.84375 1 0.8246527 1 0.84375 1 0.8359374 1 0.8368054 1 0.8368054 1 0.8376735 1 0.84375 1 0.8342013 1 0.8350694 1 0.84375 1 0.8350694 1 0.8359374 1 0.84375 1 0.84375 1 0.8203124 1 0.8211805 1 0.84375 1 0.84375 1 0.8177083 1 0.8185763 1 0.84375 1 0.8177083 1 0.84375 1 0.8315972 1 0.8324652 1 0.8324652 1 0.8333333 1 0.84375 1 0.8298611 1 0.8307291 1 0.84375 1 0.8307291 1 0.8315972 1 0.84375 1 0.84375 1 0.8185763 1 0.8194444 1 0.84375 1 0.84375 1 0.8159722 1 0.8159722 1 0.84375 1 0.8151041 1 0.84375 1 0.84375 1 0.813368 1 0.84375 1 0.8125 1 0.813368 1 0.813368 1 0.8142361 1 0.84375 1 0.8159722 1 0.8168402 1 0.84375 1 0.8142361 1 0.8151041 1 0.84375 1 0.8298611 1 0.84375 1 0.828993 1 0.8168402 1 0.8177083 1 0.84375 1 0.8194444 1 0.8203124 1 0.84375 1 0.8272569 1 0.84375 1 0.8263888 1 0.8255208 1 0.8263888 1 0.84375 1 0.8255208 1 0.84375 1 0.8246527 1 0.8211805 1 0.8220486 1 0.84375 1 0.8229166 1 0.84375 1 0.8220486 1 0.8237847 1 0.8246527 1 0.84375 1</float_array>
          <technique_common>
            <accessor source="#Cylinder_005-mesh-map-0-array" count="846" stride="2">
              <param name="S" type="float"/>
              <param name="T" type="float"/>
            </accessor>
          </technique_common>
        </source>
        <vertices id="Cylinder_005-mesh-vertices">
          <input semantic="POSITION" source="#Cylinder_005-mesh-positions"/>
        </vertices>
        <triangles material="Material_005-material" count="282">
          <input semantic="VERTEX" source="#Cylinder_005-mesh-vertices" offset="0"/>
          <input semantic="NORMAL" source="#Cylinder_005-mesh-normals" offset="1"/>
          <input semantic="TEXCOORD" source="#Cylinder_005-mesh-map-0" offset="2" set="2"/>
          <p>1 0 0 34 0 1 2 0 2 10 1 3 43 1 4 11 1 5 115 2 6 116 2 7 20 2 8 28 3 9 61 3 10 29 3 11 6 4 12 39 4 13 7 4 14 15 5 15 48 5 16 16 5 17 24 6 18 57 6 19 25 6 20 66 7 21 65 7 22 2 7 23 11 8 24 44 8 25 12 8 26 20 9 27 53 9 28 21 9 29 152 10 30 153 10 31 30 10 32 7 11 33 40 11 34 8 11 35 16 12 36 49 12 37 17 12 38 25 13 39 58 13 40 26 13 41 133 14 42 132 14 43 3 14 44 12 15 45 45 15 46 13 15 47 21 16 48 54 16 49 22 16 50 30 17 51 63 17 52 31 17 53 8 18 54 41 18 55 9 18 56 17 19 57 50 19 58 18 19 59 26 20 60 59 20 61 27 20 62 166 21 63 165 21 64 4 21 65 13 22 66 46 22 67 14 22 68 22 23 69 55 23 70 23 23 71 0 24 72 32 24 73 1 24 74 31 25 75 33 25 76 0 25 77 9 26 78 42 26 79 10 26 80 18 27 81 51 27 82 19 27 83 27 28 84 60 28 85 28 28 86 96 29 87 97 29 88 6 29 89 14 30 90 47 30 91 15 30 92 23 31 93 56 31 94 24 31 95 1 32 96 32 32 97 34 32 98 10 33 99 42 33 100 43 33 101 115 34 102 114 34 103 51 34 104 28 35 105 60 35 106 61 35 107 6 36 108 38 36 109 39 36 110 15 37 111 47 37 112 48 37 113 24 38 114 56 38 115 57 38 116 2 39 117 34 39 118 35 39 119 11 40 120 43 40 121 44 40 122 20 41 123 52 41 124 53 41 125 149 42 126 148 42 127 61 42 128 7 43 129 39 43 130 40 43 131 16 44 132 48 44 133 49 44 134 25 45 135 57 45 136 58 45 137 36 46 138 70 46 139 71 46 140 12 47 141 44 47 142 45 47 143 21 48 144 53 48 145 54 48 146 30 49 147 62 49 148 63 49 149 8 50 150 40 50 151 41 50 152 17 51 153 49 51 154 50 51 155 26 52 156 58 52 157 59 52 158 136 53 159 37 53 160 135 53 161 13 54 162 45 54 163 46 54 164 22 55 165 54 55 166 55 55 167 0 56 168 33 56 169 32 56 170 31 57 171 63 57 172 33 57 173 9 58 174 41 58 175 42 58 176 18 59 177 50 59 178 51 59 179 27 60 180 59 60 181 60 60 182 98 61 183 97 61 184 168 61 185 14 62 186 46 62 187 47 62 188 23 63 189 55 63 190 56 63 191 20 64 192 19 64 193 110 64 194 110 65 195 111 65 196 20 65 197 111 66 198 112 66 199 20 66 200 113 67 201 114 67 202 20 67 203 114 68 204 115 68 205 20 68 206 112 69 207 113 69 208 20 69 209 125 70 210 52 70 211 20 70 212 123 71 213 124 71 214 20 71 215 124 72 216 125 72 217 20 72 218 121 73 219 122 73 220 20 73 221 122 74 222 123 74 223 20 74 224 119 75 225 120 75 226 20 75 227 120 76 228 121 76 229 20 76 230 116 77 231 117 77 232 20 77 233 117 78 234 118 78 235 20 78 236 118 79 237 119 79 238 20 79 239 2 80 240 35 80 241 74 80 242 74 81 243 73 81 244 2 81 245 73 82 246 72 82 247 2 82 248 72 83 249 71 83 250 2 83 251 71 84 252 70 84 253 2 84 254 69 85 255 68 85 256 2 85 257 68 86 258 67 86 259 2 86 260 70 87 261 69 87 262 2 87 263 64 88 264 3 88 265 2 88 266 65 89 267 64 89 268 2 89 269 67 90 270 66 90 271 2 90 272 30 91 273 29 91 274 144 91 275 145 92 276 146 92 277 30 92 278 146 93 279 147 93 280 30 93 281 30 94 282 144 94 283 145 94 284 159 95 285 62 95 286 30 95 287 157 96 288 158 96 289 30 96 290 158 97 291 159 97 292 30 97 293 154 98 294 155 98 295 30 98 296 155 99 297 156 99 298 30 99 299 156 100 300 157 100 301 30 100 302 148 101 303 149 101 304 30 101 305 149 102 306 150 102 307 30 102 308 30 103 309 147 103 310 148 103 311 153 104 312 154 104 313 30 104 314 150 105 315 151 105 316 30 105 317 151 106 318 152 106 319 30 106 320 3 107 321 36 107 322 143 107 323 142 108 324 141 108 325 3 108 326 141 109 327 140 109 328 3 109 329 3 110 330 143 110 331 142 110 332 126 111 333 4 111 334 3 111 335 128 112 336 127 112 337 3 112 338 127 113 339 126 113 340 3 113 341 129 114 342 128 114 343 3 114 344 139 115 345 138 115 346 3 115 347 138 116 348 137 116 349 3 116 350 3 117 351 140 117 352 139 117 353 132 118 354 131 118 355 3 118 356 131 119 357 130 119 358 3 119 359 130 120 360 129 120 361 3 120 362 136 115 363 135 115 364 3 115 365 135 121 366 134 121 367 3 121 368 3 122 369 137 122 370 136 122 371 134 14 372 133 14 373 3 14 374 4 123 375 37 123 376 172 123 377 4 124 378 172 124 379 171 124 380 160 125 381 5 125 382 4 125 383 162 126 384 161 126 385 4 126 386 161 127 387 160 127 388 4 127 389 165 128 390 164 128 391 4 128 392 164 129 393 163 129 394 4 129 395 163 130 396 162 130 397 4 130 398 4 131 399 171 131 400 170 131 401 170 132 402 169 132 403 4 132 404 169 133 405 168 133 406 4 133 407 168 134 408 167 134 409 4 134 410 167 135 411 166 135 412 4 135 413 6 136 414 5 136 415 75 136 416 6 137 417 75 137 418 76 137 419 109 138 420 38 138 421 6 138 422 107 139 423 108 139 424 6 139 425 108 140 426 109 140 427 6 140 428 104 141 429 105 141 430 6 141 431 105 139 432 106 139 433 6 139 434 106 29 435 107 29 436 6 29 437 6 142 438 76 142 439 77 142 440 77 143 441 78 143 442 6 143 443 78 144 444 79 144 445 6 144 446 79 145 447 80 145 448 6 145 449 80 146 450 81 146 451 6 146 452 82 147 453 83 147 454 6 147 455 83 148 456 84 148 457 6 148 458 81 149 459 82 149 460 6 149 461 103 139 462 104 139 463 6 139 464 101 139 465 102 139 466 6 139 467 102 150 468 103 150 469 6 150 470 100 150 471 101 150 472 6 150 473 84 151 474 85 151 475 6 151 476 86 152 477 87 152 478 6 152 479 87 153 480 88 153 481 6 153 482 85 154 483 86 154 484 6 154 485 97 155 486 98 155 487 6 155 488 98 156 489 99 156 490 6 156 491 99 157 492 100 157 493 6 157 494 88 158 495 89 158 496 6 158 497 89 159 498 90 159 499 6 159 500 90 160 501 91 160 502 6 160 503 92 161 504 93 161 505 6 161 506 93 158 507 94 158 508 6 158 509 91 162 510 92 162 511 6 162 512 94 163 513 95 163 514 6 163 515 95 139 516 96 139 517 6 139 518 110 164 519 19 164 520 51 164 521 51 165 522 52 165 523 125 165 524 124 166 525 123 166 526 51 166 527 123 167 528 122 167 529 51 167 530 51 168 531 125 168 532 124 168 533 111 169 534 110 169 535 51 169 536 114 170 537 113 170 538 51 170 539 113 171 540 112 171 541 51 171 542 112 172 543 111 172 544 51 172 545 122 173 546 121 173 547 51 173 548 121 174 549 120 174 550 51 174 551 119 175 552 118 175 553 51 175 554 118 176 555 117 176 556 51 176 557 120 177 558 119 177 559 51 177 560 117 178 561 116 178 562 51 178 563 116 179 564 115 179 565 51 179 566 144 180 567 29 180 568 61 180 569 61 181 570 62 181 571 159 181 572 159 182 573 158 182 574 61 182 575 158 183 576 157 183 577 61 183 578 156 184 579 155 184 580 61 184 581 155 185 582 154 185 583 61 185 584 157 186 585 156 186 586 61 186 587 145 187 588 144 187 589 61 187 590 148 188 591 147 188 592 61 188 593 147 189 594 146 189 595 61 189 596 146 190 597 145 190 598 61 190 599 154 191 600 153 191 601 61 191 602 152 186 603 151 186 604 61 186 605 151 192 606 150 192 607 61 192 608 61 193 609 153 193 610 152 193 611 150 194 612 149 194 613 61 194 614 36 195 615 3 195 616 64 195 617 64 196 618 65 196 619 36 196 620 65 197 621 66 197 622 36 197 623 66 198 624 67 198 625 36 198 626 67 199 627 68 199 628 36 199 629 68 200 630 69 200 631 36 200 632 69 201 633 70 201 634 36 201 635 71 202 636 72 202 637 36 202 638 72 203 639 73 203 640 36 203 641 73 204 642 74 204 643 36 204 644 74 205 645 35 205 646 36 205 647 37 206 648 4 206 649 126 206 650 126 207 651 127 207 652 37 207 653 127 208 654 128 208 655 37 208 656 129 209 657 130 209 658 37 209 659 130 210 660 131 210 661 37 210 662 128 211 663 129 211 664 37 211 665 143 212 666 36 212 667 37 212 668 142 213 669 143 213 670 37 213 671 131 214 672 132 214 673 37 214 674 132 215 675 133 215 676 37 215 677 141 216 678 142 216 679 37 216 680 139 217 681 140 217 682 37 217 683 140 218 684 141 218 685 37 218 686 136 219 687 137 219 688 37 219 689 137 220 690 138 220 691 37 220 692 138 221 693 139 221 694 37 221 695 133 222 696 134 222 697 37 222 698 134 223 699 135 223 700 37 223 701 75 224 702 5 224 703 160 224 704 161 225 705 162 225 706 80 225 707 162 226 708 163 226 709 83 226 710 80 227 711 162 227 712 81 227 713 75 228 714 160 228 715 76 228 716 160 229 717 161 229 718 78 229 719 77 230 720 76 230 721 160 230 722 80 231 723 79 231 724 161 231 725 79 232 726 78 232 727 161 232 728 78 233 729 77 233 730 160 233 731 163 234 732 164 234 733 86 234 734 164 235 735 165 235 736 88 235 737 163 236 738 86 236 739 85 236 740 165 237 741 166 237 742 91 237 743 166 238 744 167 238 745 93 238 746 92 239 747 166 239 748 93 239 749 168 240 750 169 240 751 98 240 752 169 241 753 170 241 754 101 241 755 166 242 756 92 242 757 91 242 758 167 243 759 168 243 760 96 243 761 162 244 762 83 244 763 82 244 764 82 245 765 81 245 766 162 245 767 85 246 768 84 246 769 163 246 770 84 247 771 83 247 772 163 247 773 169 248 774 101 248 775 100 248 776 170 249 777 171 249 778 104 249 779 103 250 780 170 250 781 104 250 782 164 251 783 88 251 784 87 251 785 87 252 786 86 252 787 164 252 788 90 253 789 89 253 790 165 253 791 89 254 792 88 254 793 165 254 794 170 255 795 103 255 796 102 255 797 171 256 798 172 256 799 106 256 800 106 257 801 172 257 802 107 257 803 172 224 804 37 224 805 109 224 806 37 258 807 38 258 808 109 258 809 109 259 810 108 259 811 172 259 812 106 260 813 105 260 814 171 260 815 108 261 816 107 261 817 172 261 818 90 262 819 165 262 820 91 262 821 105 263 822 104 263 823 171 263 824 102 264 825 101 264 826 170 264 827 93 265 828 167 265 829 94 265 830 95 266 831 94 266 832 167 266 833 95 267 834 167 267 835 96 267 836 100 268 837 99 268 838 169 268 839 98 269 840 169 269 841 99 269 842 97 270 843 96 270 844 168 270 845</p>
        </triangles>
      </mesh>
    </geometry>
  </library_geometries>
  <library_visual_scenes>
    <visual_scene id="Scene" name="Scene">
      <node id="Cylinder_002" name="Cylinder.002" type="NODE">
        <matrix sid="transform">1.274338 0 0 0.168317 0 1.274338 0 0.8149472 0 0 1.274338 12.03008 0 0 0 1</matrix>
        <instance_geometry url="#Cylinder_005-mesh" name="Cylinder.002">
          <bind_material>
            <technique_common>
              <instance_material symbol="Material_005-material" target="#Material_005-material">
                <bind_vertex_input semantic="Cylinder_002-mesh-map-0" input_semantic="TEXCOORD" input_set="0"/>
              </instance_material>
            </technique_common>
          </bind_material>
        </instance_geometry>
      </node>
    </visual_scene>
  </library_visual_scenes>
  <scene>
    <instance_visual_scene url="#Scene"/>
  </scene>
</COLLADA>